339
517
4247
126065955
126066074
126068033
126068332
126068628
126068652
35874023
35874989
35875041
35875081
35875642
35875873
35878006
35879502
35880968
35881670
35881858
35882900
35882950
126000037
126001976
126002218
126002905
126003412
126003707
126003741
126006775
126007012
126007353
126007397
126007474
126007536
126007572
126010680
126011933
126012080
126015407
126021269
126023088
126023162
126023623
126026566
126032196
126037990
126038759
126041192
126042061
126044070
126044233
126044257
126045130
126049571
126051522
126054570
126058067
126058349
126058827
126059434
126060138
126060232
126060896
126066019
35873736
35873829
35875191
35877814
35879261
35881060
125999153
126014337
126014363
126015868
126016731
126017816
126019488
126023217
126033377
126038053
126044201
126044261
126045137
126045299
126049311
126049687
126050618
126051441
126051896
126052133
126055690
126055726
126056089
126057396
126058422
126060968
126063112
126063277
126063360
126063386
126065378
126065800
126068309
35876489
35881742
35882875
35882938
126000956
126001902
126002853
126007903
126008673
126009144
126019663
126027394
126027864
126034959
126038443
126041063
126041167
126041232
126043218
126048609
126052236
126054771
126055301
35874055
35874599
35879051
35879458
35879832
35880296
125999401
126011906
126014849
126026656
126027910
126031821
126038355
126054095
126055149
35874553
35877614
35877960
35880178
126020734
126041426
35877886
35881341
35881564
126015106
126044157
35874159
35875181
35875835
35876468
35876476
35876611
35876655
35878800
35880919
35881113
35881329
35881939
35882078
35882942
125999312
125976192
125980275
126008942
126011199
126016199
126016392
126027542
126041151
126043683
126043716
126046780
126049300
126068757
126069258
126069349
126070395
126070655
126070789
126070894
126071530
126071657
126071682
126071832
126071866
126072001
126072429
126072766
126072901
126072927
126072979
126073285
126073355